   1.19516184E-03
   1.19516184E-03
   1.19516184E-03
   1.19516184E-03
   1.19516184E-03
   1.19516184E-03
   1.19516184E-03
   1.19516184E-03
   1.19516184E-03
   1.19516184E-03
   1.19516184E-03
   1.19516184E-03
   1.19516184E-03
   1.21100957E-03
   1.31783553E-03
   1.42735359E-03
   1.53617037E-03
   1.63191243E-03
   1.68863102E-03
   1.68686768E-03
   1.59684999E-03
   1.52893586E-03
   1.54293294E-03
   1.50957808E-03
   1.52656436E-03
   1.62142236E-03
   1.99579867E-03
   2.64769304E-03
   1.50206657E-02
   25004.5195    
