  0.563055634    
  0.562930524    
  0.562680304    
  0.562430143    
  0.562179923    
  0.561929762    
  0.561679482    
  0.561429322    
  0.561179042    
  0.560928762    
  0.560678601    
  0.560428441    
  0.560178161    
  0.559928000    
  0.559677720    
  0.559427559    
  0.559177399    
  0.558927178    
  0.558676898    
  0.558426738    
  0.558176398    
  0.557926238    
  0.557676017    
  0.557425737    
  0.557175636    
  0.556925356    
  0.556675136    
  0.556424856    
  0.556174695    
  0.555924416    
  0.555674314    
  0.555424035    
  0.555173874    
  0.554923594    
  0.554673254    
  0.554423094    
  0.554172933    
  0.553922653    
  0.553672493    
  0.553422272    
  0.553172171    
  0.552921891    
  0.552671671    
  0.552421391    
  0.552171111    
  0.551920891    
  0.551670730    
  0.551420569    
  0.551170349    
  0.550920129    
  0.550669909    
  0.550419629    
  0.550169349    
  0.549919248    
  0.549668968    
  0.549418747    
  0.549168468    
  0.548918307    
  0.548668027    
  0.548417866    
  0.548167646    
  0.547917485    
  0.547667205    
  0.547416985    
  0.547166705    
  0.546916485    
  0.546666324    
  0.546416044    
  0.546165884    
  0.545915604    
  0.545665383    
  0.545415103    
  0.545165002    
  0.544914722    
  0.544664502    
  0.544414341    
  0.544164062    
  0.543913841    
  0.543663681    
  0.543413460    
  0.543163180    
  0.542912900    
  0.542662740    
  0.542412579    
  0.542162359    
  0.541912138    
  0.541661918    
  0.541411638    
  0.541161478    
  0.540911198    
  0.540660977    
  0.540410876    
  0.540160596    
  0.539910316    
  0.539660096    
  0.539409935    
  0.539159715    
  0.538909495    
  0.538659275    
  0.538409054    
  0.538158834    
